0 1
2 3
2 0
4 4
4 3
4 5
6 7
6 8
6 9
6 10
6 11
6 12
6 13
6 14
6 15
6 6
6 16
6 17
6 18
6 19
6 20
6 21
6 22
6 23
24 25
7 21
7 22
7 26
7 27
7 28
29 30
29 31
29 32
29 28
33 34
33 35
33 36
33 37
38 39
40 41
40 42
40 43
40 44
45 46
47 48
49 47
49 50
51 40
51 52
51 53
51 54
51 55
51 25
51 56
57 58
59 59
60 61
62 63
64 65
66 58
66 67
68 69
70 68
70 71
70 72
70 73
70 74
70 75
70 76
70 77
70 78
79 79
80 80
81 46
82 22
75 83
84 25
85 25
86 87
86 88
86 89
86 66
90 91
92 92
93 94
93 95
93 96
93 97
98 46
88 88
99 100
99 88
101 102
101 103
101 101
104 105
104 106
104 107
104 108
109 37
37 110
37 99
111 48
111 112
17 113
114 115
114 116
114 117
118 111
118 118
119 120
121 43
83 122
83 123
83 43
83 124
83 125
83 126
83 48
83 127
83 128
83 107
19 30
19 28
19 83
19 89
19 46
19 129
19 125
12 130
12 131
12 132
12 44
12 133
12 28
12 134
12 135
12 136
12 104
12 137
12 138
12 139
12 99
12 53
12 11
12 54
12 140
12 141
12 50
12 87
142 123
142 143
142 29
142 139
142 144
142 43
142 145
142 82
142 12
142 146
142 147
142 135
142 148
142 142
142 64
142 149
142 25
150 28
151 152
153 119
154 155
154 156
154 87
154 157
154 158
154 159
154 160
96 39
159 134
159 104
8 119
8 114
161 46
161 162
161 59
161 28
161 163
164 48
164 165
52 166
52 167
52 168
52 169
52 170
52 171
52 172
52 173
52 174
52 175
52 15
52 176
52 177
52 178
52 179
52 180
52 181
52 182
52 183
184 28
185 161
185 186
185 187
188 188
182 3
182 56
189 43
190 130
190 21
191 43
191 192
193 194
193 152
193 43
193 195
193 196
193 25
197 148
198 179
198 171
198 199
200 114
201 200
36 202
203 110
204 203
205 114
50 16
50 206
50 135
50 11
207 44
122 208
122 3
122 114
122 122
209 210
211 211
211 212
211 213
211 110
212 43
214 215
214 216
214 217
214 218
214 219
214 220
217 83
217 221
222 46
222 28
13 28
223 224
225 223
226 28
227 43
228 229
229 230
229 231
232 232
233 162
234 232
234 233
28 235
28 236
28 237
28 28
28 238
239 28
43 240
43 241
43 242
43 243
43 244
43 245
246 247
248 249
250 41
250 251
250 252
250 253
254 29
254 253
255 256
255 252
255 61
255 152
255 57
255 204
255 257
255 258
255 21
255 186
255 15
255 56
259 16
259 43
260 26
260 83
178 28
178 125
178 61
178 261
178 262
178 135
178 87
180 152
166 263
166 25
166 57
166 56
56 264
56 265
56 141
56 266
56 267
56 268
56 269
56 258
56 270
56 271
56 54
56 272
56 140
56 273
56 274
56 275
276 114
277 278
279 53
280 21
281 280
281 4
281 282
281 125
281 283
284 285
284 284
286 162
287 148
287 288
287 114
167 289
167 178
167 167
167 85
167 15
23 290
23 291
136 7
136 292
136 33
136 29
136 133
169 201
171 167
171 162
171 293
171 294
171 196
171 295
173 296
173 297
173 173
173 298
173 59
173 56
299 25
300 301
300 302
300 303
300 300
304 162
304 27
304 3
304 99
304 46
304 25
305 306
305 43
305 307
308 309
310 310
311 312
311 142
311 305
311 308
72 125
73 313
73 29
73 73
314 138
138 46
138 138
315 89
65 165
316 316
317 99
262 318
262 317
319 144
319 83
319 320
321 46
321 43
321 144
321 3
321 89
321 6
321 16
321 322
321 11
321 26
323 284
323 83
324 325
324 324
324 110
324 260
324 326
324 327
324 258
324 148
324 328
324 329
263 330
187 202
331 278
39 332
39 333
39 334
335 336
335 335
78 306
78 289
78 129
20 337
206 206
206 338
339 339
339 340
339 341
342 343
342 344
342 345
342 346
342 347
117 348
349 350
351 352
353 39
288 288
354 3
354 131
129 39
129 129
129 125
129 355
356 163
294 357
294 358
294 99
266 148
266 21
266 89
266 223
266 25
359 342
360 139
360 361
155 23
258 256
258 207
258 39
258 61
258 149
258 289
258 257
258 258
258 104
258 20
258 186
258 362
134 353
134 363
134 364
134 365
271 216
271 128
54 11
54 366
54 25
54 367
54 86
141 114
368 43
368 114
58 162
369 25
370 371
370 165
307 239
307 111
307 43
307 372
170 16
170 43
373 216
373 225
313 46
313 346
42 288
42 374
89 375
89 376
89 377
89 354
89 378
256 256
256 379
256 131
256 192
256 144
256 152
256 223
256 149
256 99
256 380
256 331
256 381
9 382
9 383
9 384
9 385
9 386
9 387
9 388
87 389
87 390
87 391
392 3
144 199
144 393
144 394
144 395
144 392
396 144
397 163
172 16
172 114
172 145
172 28
398 43
399 346
328 57
328 3
328 99
328 162
328 400
328 21
67 41
67 3
67 401
67 17
67 154
14 16
14 43
14 25
14 257
145 402
145 14
145 403
145 404
149 405
406 162
407 114
408 104
409 43
409 25
410 411
412 413
412 206
412 414
412 251
413 415
416 17
416 27
417 148
417 43
417 371
418 414
418 252
419 251
419 419
419 93
419 420
419 309
419 421
419 422
419 423
419 424
419 425
419 426
419 427
419 12
419 428
419 429
419 180
419 249
419 348
419 418
430 17
430 341
430 431
430 432
430 433
430 434
430 435
430 349
430 436
430 437
430 362
27 438
27 439
27 440
27 165
441 278
441 442
443 443
443 444
443 408
401 401
25 83
25 445
25 446
25 447
25 407
25 448
25 449
25 164
25 356
25 450
25 451
25 452
25 453
25 38
25 454
433 46
433 25
433 28
344 162
455 307
146 455
456 43
457 456
457 251
1 458
48 459
460 461
46 462
46 463
46 464
46 276
46 277
46 279
46 351
46 381
46 150
46 465
46 466
467 162
230 12
230 153
230 230
230 151
69 192
69 468
69 469
69 255
69 230
69 259
69 260
69 142
69 470
69 400
470 52
470 470
374 39
374 134
471 472
309 7
309 145
309 12
309 414
309 178
309 473
309 251
309 295
309 474
421 93
421 9
421 132
421 210
421 475
421 476
421 252
421 477
421 478
421 348
479 348
479 251
479 29
479 342
480 134
481 252
481 165
481 482
481 483
481 25
481 484
481 342
481 43
40 43
40 128
380 485
285 48
486 480
486 487
486 488
346 489
346 490
346 491
346 492
130 493
130 494
5 495
5 496
497 43
498 43
499 499
174 16
174 119
174 25
174 154
174 128
500 501
15 93
15 163
15 29
15 16
15 3
15 337
15 267
15 104
15 135
15 320
15 25
15 43
15 56
61 61
61 502
503 504
252 207
252 505
252 506
252 420
252 507
252 396
252 431
252 428
252 209
355 499
355 17
297 48
297 508
297 87
431 509
431 46
431 146
431 99
264 21
432 99
272 16
272 3
272 342
510 511
265 257
135 512
135 123
135 66
135 317
135 101
11 513
11 514
11 515
11 218
11 83
11 17
11 13
11 357
11 2
11 152
11 516
11 517
11 257
11 187
11 508
11 85
11 493
11 518
11 21
11 11
11 26
140 122
140 138
140 102
140 135
140 11
140 251
112 112
437 16
437 25
519 43
519 520
519 28
521 522
523 70
523 5
523 231
523 357
523 524
523 171
523 263
523 460
523 148
523 414
523 99
523 54
523 21
525 39
525 28
525 526
525 42
525 134
525 509
525 186
527 144
527 25
527 154
528 528
249 331
249 529
249 249
249 530
249 531
532 43
16 533
16 226
16 227
16 534
16 497
16 189
16 535
16 536
16 191
16 197
16 537
16 538
16 539
16 540
16 368
16 541
16 406
16 542
16 409
16 369
16 82
16 307
16 84
16 498
543 544
340 288
340 26
340 129
341 288
196 545
295 342
302 3
546 419
546 93
546 430
546 547
546 548
546 549
546 550
546 425
546 248
546 551
546 250
546 546
546 552
546 254
546 553
186 315
186 85
186 90
186 554
186 555
186 556
557 26
557 557
162 147
162 558
162 559
162 121
53 518
53 127
53 560
147 125
147 165
278 561
278 562
278 563
267 61
267 130
267 257
269 16
269 143
270 522
270 16
270 46
270 44
564 432
564 443
564 565
564 566
165 125
567 568
569 28
570 513
570 16
570 140
570 41
570 522
352 571
511 89
511 278
572 43
371 573
371 572
414 574
414 24
414 6
414 575
414 467
414 576
414 577
414 578
578 6
143 579
143 580
579 210
579 252
580 402
580 352
580 154
357 581
357 582
357 583
357 584
199 3
199 154
3 585
3 286
3 586
394 3
394 371
394 520
394 192
566 25
257 257
257 328
257 587
473 163
26 138
26 588
26 589
26 590
26 473
26 26
26 373
402 402
591 592
591 67
63 593
403 16
403 43
403 135
110 594
110 595
509 62
509 596
509 66
597 531
598 598
599 262
600 600
539 25
539 66
522 532
601 162
601 44
601 136
601 192
601 144
601 114
601 145
601 221
601 46
601 350
601 148
601 531
602 337
337 603
604 119
605 46
605 16
605 543
605 606
605 605
605 25
605 56
484 81
484 605
484 601
484 607
484 608
607 28
607 44
358 123
358 1
358 609
358 89
358 610
358 463
358 19
611 46
611 25
608 83
608 144
608 33
608 114
608 46
608 16
608 322
608 148
301 437
301 612
302 513
302 63
302 210
302 613
302 401
302 6
302 91
302 614
302 88
302 380
302 599
302 615
302 130
302 616
302 5
302 87
302 567
302 413
302 289
302 138
302 543
302 131
302 617
302 64
302 618
302 619
302 59
302 620
302 231
302 621
302 263
302 460
302 41
302 414
302 622
302 54
302 443
302 557
302 309
302 252
302 23
302 171
302 3
302 173
302 623
302 624
302 625
302 335
302 92
302 206
302 188
302 310
302 626
303 443
303 627
628 469
628 628
628 621
628 629
628 152
628 3
628 370
628 630
628 198
628 469
628 128
628 135
628 486
628 11
628 469
628 557
621 519
621 319
621 521
621 631
621 523
621 323
621 525
621 324
621 527
621 632
621 321
621 633
238 39
238 134
631 39
631 163
631 83
631 44
631 625
631 139
631 43
631 324
631 46
631 16
631 322
631 346
631 634
631 25
41 40
41 635
41 636
102 350
148 597
148 98
148 474
622 359
622 135
474 137
637 638
91 326
91 639
606 625
606 640
606 641
350 642
445 21
445 346
634 122
634 194
634 643
634 542
634 644
634 645
634 354
634 99
634 11
646 647
646 128
646 648
649 634
649 646
650 650
347 348
325 257
325 651
325 9
325 93
325 252
549 348
550 414
550 253
652 130
652 25
652 28
653 252
253 309
253 325
253 421
253 479
253 652
253 653
253 481
253 412
253 416
253 417
253 418
616 654
616 616
508 655
508 184
508 656
312 6
312 309
312 145
312 628
312 28
613 114
657 256
657 93
657 252
657 526
657 42
657 39
657 186
657 152
194 457
194 371
194 358
658 46
44 287
44 659
44 660
44 658
44 222
44 299
44 399
44 45
44 397
44 205
44 398
44 661
44 662
44 663
526 89
623 513
623 143
623 167
623 404
623 664
623 289
623 18
623 322
623 19
623 665
624 623
524 289
524 666
524 288
524 190
524 667
524 193
524 569
524 570
524 668
524 669
524 16
524 670
524 671
524 672
524 41
524 304
524 657
524 673
524 674
513 513
513 675
513 676
513 129
513 358
513 611
251 677
678 678
672 3
210 61
210 89
476 348
505 647
505 128
544 284
544 679
644 110
18 3
322 256
322 16
322 43
322 680
322 92
681 350
681 93
681 43
681 682
617 11
617 437
617 294
617 648
387 46
387 21
386 119
274 43
275 9
275 145
275 520
275 16
275 128
275 25
231 515
683 684
423 620
423 616
685 9
618 685
618 618
618 686
618 687
686 44
320 626
688 689
626 690
626 626
626 302
152 58
152 154
152 604
152 152
152 691
152 60
152 692
693 144
693 33
693 11
21 694
21 695
696 509
696 16
696 43
697 144
697 16
697 151
697 145
698 125
698 192
698 43
698 699
698 128
698 693
698 696
698 697
698 700
698 56
633 559
633 701
633 83
633 28
633 702
633 524
633 703
633 537
633 704
633 633
633 625
633 19
633 11
633 443
633 150
633 147
615 615
34 21
34 39
34 134
34 28
261 36
261 34
261 42
261 261
261 57
261 705
670 43
671 28
176 43
176 25
176 56
177 16
177 342
177 44
451 336
451 43
451 119
179 314
179 163
107 43
183 27
